 1950 23.01
 1950.08333333333 24.32
 1950.16666666667 25.11
 1950.25 23.63
 1950.33333333333 22.68
 1950.41666666667 21.33
 1950.5 20.31
 1950.58333333333 20.12
 1950.66666666667 19.56
 1950.75 19.99
 1950.83333333333 19.85
 1950.91666666667 21.72
 1951 24.11
 1951.08333333333 25.19
 1951.16666666667 25.74
 1951.25 25.29
 1951.33333333333 24.59
 1951.41666666667 24.61
 1951.5 23.82
 1951.58333333333 22.18
 1951.66666666667 21.29
 1951.75 21.74
 1951.83333333333 22.34
 1951.91666666667 22.83
 1952 24.36
 1952.08333333333 26.02
 1952.16666666667 26.08
 1952.25 24.44
 1952.33333333333 23.48
 1952.41666666667 21.93
 1952.5 20.73
 1952.58333333333 19.89
 1952.66666666667 19.37
 1952.75 20.37
 1952.83333333333 20.83
 1952.91666666667 22.31
 1953 24.13
 1953.08333333333 26.27
 1953.16666666667 27.22
 1953.25 27.00
 1953.33333333333 25.43
 1953.41666666667 23.43
 1953.5 21.96
 1953.58333333333 21.18
 1953.66666666667 21.06
 1953.75 20.84
 1953.83333333333 21.51
 1953.91666666667 22.22
 1954 22.66
 1954.08333333333 24.88
 1954.16666666667 25.17
 1954.25 22.45
 1954.33333333333 21.43
 1954.41666666667 20.66
 1954.5 19.13
 1954.58333333333 19.31
 1954.66666666667 19.02
 1954.75 18.98
 1954.83333333333 20.20
 1954.91666666667 21.34
 1955 23.72
 1955.08333333333 24.97
 1955.16666666667 25.12
 1955.25 24.30
 1955.33333333333 22.26
 1955.41666666667 21.20
 1955.5 20.52
 1955.58333333333 19.46
 1955.66666666667 19.26
 1955.75 19.20
 1955.83333333333 19.83
 1955.91666666667 21.12
 1956 23.26
 1956.08333333333 24.90
 1956.16666666667 25.73
 1956.25 24.39
 1956.33333333333 23.21
 1956.41666666667 22.19
 1956.5 21.82
 1956.58333333333 20.57
 1956.66666666667 19.72
 1956.75 19.82
 1956.83333333333 20.59
 1956.91666666667 21.49
 1957 22.90
 1957.08333333333 26.17
 1957.16666666667 27.27
 1957.25 26.66
 1957.33333333333 26.82
 1957.41666666667 25.14
 1957.5 23.82
 1957.58333333333 22.20
 1957.66666666667 21.64
 1957.75 21.64
 1957.83333333333 22.21
 1957.91666666667 23.47
 1958 24.70
 1958.08333333333 26.36
 1958.16666666667 26.96
 1958.25 26.25
 1958.33333333333 24.54
 1958.41666666667 23.10
 1958.5 22.02
 1958.58333333333 20.59
 1958.66666666667 20.32
 1958.75 20.82
 1958.83333333333 21.28
 1958.91666666667 22.31
 1959 23.69
 1959.08333333333 25.63
 1959.16666666667 26.83
 1959.25 25.66
 1959.33333333333 24.02
 1959.41666666667 22.50
 1959.5 21.39
 1959.58333333333 19.99
 1959.66666666667 20.11
 1959.75 20.72
 1959.83333333333 21.76
 1959.91666666667 22.58
 1960 24.23
 1960.08333333333 25.68
 1960.16666666667 26.24
 1960.25 24.43
 1960.33333333333 23.33
 1960.41666666667 21.71
 1960.5 20.64
 1960.58333333333 19.99
 1960.66666666667 20.46
 1960.75 20.11
 1960.83333333333 21.06
 1960.91666666667 22.52
 1961 24.49
 1961.08333333333 26.56
 1961.16666666667 25.76
 1961.25 24.75
 1961.33333333333 23.49
 1961.41666666667 22.15
 1961.5 20.43
 1961.58333333333 19.86
 1961.66666666667 19.59
 1961.75 19.97
 1961.83333333333 20.99
 1961.91666666667 21.93
 1962 23.83
 1962.08333333333 25.37
 1962.16666666667 24.36
 1962.25 23.16
 1962.33333333333 22.90
 1962.41666666667 21.77
 1962.5 20.64
 1962.58333333333 20.24
 1962.66666666667 19.99
 1962.75 19.84
 1962.83333333333 20.78
 1962.91666666667 21.72
 1963 23.72
 1963.08333333333 25.28
 1963.16666666667 25.73
 1963.25 24.32
 1963.33333333333 23.85
 1963.41666666667 22.25
 1963.5 21.61
 1963.58333333333 21.16
 1963.66666666667 20.78
 1963.75 20.96
 1963.83333333333 21.44
 1963.91666666667 22.52
 1964 23.92
 1964.08333333333 24.81
 1964.16666666667 25.08
 1964.25 24.18
 1964.33333333333 21.74
 1964.41666666667 21.24
 1964.5 20.19
 1964.58333333333 19.34
 1964.66666666667 19.50
 1964.75 19.58
 1964.83333333333 20.69
 1964.91666666667 21.48
 1965 23.87
 1965.08333333333 25.78
 1965.16666666667 26.48
 1965.25 26.88
 1965.33333333333 25.95
 1965.41666666667 24.35
 1965.5 23.00
 1965.58333333333 22.38
 1965.66666666667 21.10
 1965.75 21.34
 1965.83333333333 22.09
 1965.91666666667 23.16
 1966 24.94
 1966.08333333333 25.49
 1966.16666666667 25.02
 1966.25 23.97
 1966.33333333333 22.69
 1966.41666666667 21.57
 1966.5 20.67
 1966.58333333333 19.83
 1966.66666666667 19.83
 1966.75 20.44
 1966.83333333333 20.74
 1966.91666666667 22.19
 1967 23.53
 1967.08333333333 25.52
 1967.16666666667 25.44
 1967.25 24.82
 1967.33333333333 23.60
 1967.41666666667 22.07
 1967.5 20.86
 1967.58333333333 19.51
 1967.66666666667 18.92
 1967.75 19.29
 1967.83333333333 19.88
 1967.91666666667 20.97
 1968 22.95
 1968.08333333333 24.70
 1968.16666666667 24.91
 1968.25 23.77
 1968.33333333333 22.39
 1968.41666666667 21.51
 1968.5 21.15
 1968.58333333333 20.75
 1968.66666666667 21.05
 1968.75 20.87
 1968.83333333333 21.56
 1968.91666666667 22.97
 1969 24.36
 1969.08333333333 25.35
 1969.16666666667 26.83
 1969.25 26.41
 1969.33333333333 25.73
 1969.41666666667 24.09
 1969.5 22.24
 1969.58333333333 20.88
 1969.66666666667 20.75
 1969.75 21.62
 1969.83333333333 22.23
 1969.91666666667 23.40
 1970 24.96
 1970.08333333333 25.72
 1970.16666666667 25.23
 1970.25 24.55
 1970.33333333333 22.63
 1970.41666666667 21.12
 1970.5 19.45
 1970.58333333333 19.16
 1970.66666666667 19.29
 1970.75 19.88
 1970.83333333333 20.48
 1970.91666666667 21.66
 1971 23.13
 1971.08333333333 24.42
 1971.16666666667 25.03
 1971.25 24.87
 1971.33333333333 23.18
 1971.41666666667 21.58
 1971.5 20.93
 1971.58333333333 19.77
 1971.66666666667 19.51
 1971.75 19.72
 1971.83333333333 20.89
 1971.91666666667 21.82
 1972 24.19
 1972.08333333333 26.55
 1972.16666666667 27.07
 1972.25 26.17
 1972.33333333333 25.13
 1972.41666666667 24.90
 1972.5 23.99
 1972.58333333333 23.38
 1972.66666666667 21.96
 1972.75 22.40
 1972.83333333333 23.03
 1972.91666666667 24.82
 1973 25.83
 1973.08333333333 26.26
 1973.16666666667 25.91
 1973.25 24.43
 1973.33333333333 23.05
 1973.41666666667 21.51
 1973.5 20.73
 1973.58333333333 19.39
 1973.66666666667 19.42
 1973.75 19.93
 1973.83333333333 20.54
 1973.91666666667 21.67
 1974 23.21
 1974.08333333333 24.72
 1974.16666666667 25.65
 1974.25 25.14
 1974.33333333333 24.21
 1974.41666666667 22.35
 1974.5 21.38
 1974.58333333333 20.54
 1974.66666666667 20.09
 1974.75 19.81
 1974.83333333333 20.65
 1974.91666666667 21.35
 1975 23.41
 1975.08333333333 24.92
 1975.16666666667 26.16
 1975.25 25.53
 1975.33333333333 23.45
 1975.41666666667 21.70
 1975.5 21.03
 1975.58333333333 20.06
 1975.66666666667 19.16
 1975.75 19.04
 1975.83333333333 19.41
 1975.91666666667 20.93
 1976 23.45
 1976.08333333333 25.46
 1976.16666666667 25.96
 1976.25 25.70
 1976.33333333333 25.12
 1976.41666666667 24.50
 1976.5 23.57
 1976.58333333333 22.26
 1976.66666666667 21.55
 1976.75 21.52
 1976.83333333333 22.15
 1976.91666666667 23.20
 1977 24.80
 1977.08333333333 25.72
 1977.16666666667 26.02
 1977.25 24.95
 1977.33333333333 23.49
 1977.41666666667 22.52
 1977.5 21.46
 1977.58333333333 20.10
 1977.66666666667 19.61
 1977.75 20.54
 1977.83333333333 21.19
 1977.91666666667 22.26
 1978 24.15
 1978.08333333333 25.70
 1978.16666666667 25.28
 1978.25 24.76
 1978.33333333333 23.17
 1978.41666666667 21.94
 1978.5 21.02
 1978.58333333333 19.63
 1978.66666666667 19.84
 1978.75 20.06
 1978.83333333333 21.61
 1978.91666666667 22.90
 1979 24.72
 1979.08333333333 25.52
 1979.16666666667 25.91
 1979.25 25.69
 1979.33333333333 24.29
 1979.41666666667 23.28
 1979.5 21.70
 1979.58333333333 20.94
 1979.66666666667 21.15
 1979.75 21.46
 1979.83333333333 21.80
 1979.91666666667 22.73
 1980 24.32
 1980.08333333333 25.68
 1980.16666666667 26.48
 1980.25 25.54
 1980.33333333333 23.98
 1980.41666666667 22.76
 1980.5 21.12
 1980.58333333333 20.52
 1980.66666666667 20.43
 1980.75 20.52
 1980.83333333333 21.24
 1980.91666666667 22.41
 1981 23.06
 1981.08333333333 24.93
 1981.16666666667 25.94
 1981.25 24.81
 1981.33333333333 23.65
 1981.41666666667 22.49
 1981.5 21.07
 1981.58333333333 19.88
 1981.66666666667 19.93
 1981.75 20.44
 1981.83333333333 21.19
 1981.91666666667 22.63
 1982 24.30
 1982.08333333333 25.31
 1982.16666666667 25.20
 1982.25 24.73
 1982.33333333333 24.11
 1982.41666666667 23.25
 1982.5 22.43
 1982.58333333333 21.81
 1982.66666666667 22.03
 1982.75 22.83
 1982.83333333333 24.68
 1982.91666666667 25.97
 1983 27.21
 1983.08333333333 28.13
 1983.16666666667 28.72
 1983.25 28.86
 1983.33333333333 28.26
 1983.41666666667 27.36
 1983.5 25.76
 1983.58333333333 23.93
 1983.66666666667 22.10
 1983.75 22.00
 1983.83333333333 22.05
 1983.91666666667 23.03
 1984 24.18
 1984.08333333333 25.22
 1984.16666666667 25.62
 1984.25 25.30
 1984.33333333333 23.30
 1984.41666666667 22.18
 1984.5 21.33
 1984.58333333333 20.45
 1984.66666666667 20.66
 1984.75 20.51
 1984.83333333333 21.52
 1984.91666666667 22.41
 1985 23.79
 1985.08333333333 24.72
 1985.16666666667 25.60
 1985.25 24.16
 1985.33333333333 22.53
 1985.41666666667 21.85
 1985.5 20.56
 1985.58333333333 19.78
 1985.66666666667 19.74
 1985.75 20.10
 1985.83333333333 20.86
 1985.91666666667 22.43
 1986 24.56
 1986.08333333333 26.00
 1986.16666666667 25.76
 1986.25 24.68
 1986.33333333333 23.23
 1986.41666666667 22.05
 1986.5 21.47
 1986.58333333333 20.91
 1986.66666666667 20.91
 1986.75 21.27
 1986.83333333333 22.01
 1986.91666666667 23.41
 1987 25.56
 1987.08333333333 27.07
 1987.16666666667 27.93
 1987.25 27.10
 1987.33333333333 25.93
 1987.41666666667 24.10
 1987.5 22.98
 1987.58333333333 21.82
 1987.66666666667 21.83
 1987.75 22.47
 1987.83333333333 22.80
 1987.91666666667 23.48
 1988 24.59
 1988.08333333333 25.79
 1988.16666666667 25.68
 1988.25 24.70
 1988.33333333333 23.15
 1988.41666666667 21.46
 1988.5 20.59
 1988.58333333333 19.55
 1988.66666666667 19.44
 1988.75 19.81
 1988.83333333333 20.70
 1988.91666666667 22.06
 1989 24.27
 1989.08333333333 26.04
 1989.16666666667 26.34
 1989.25 25.45
 1989.33333333333 23.21
 1989.41666666667 22.04
 1989.5 21.17
 1989.58333333333 20.71
 1989.66666666667 20.07
 1989.75 20.54
 1989.83333333333 21.41
 1989.91666666667 22.41
 1990 24.09
 1990.08333333333 25.94
 1990.16666666667 26.04
 1990.25 25.02
 1990.33333333333 24.18
 1990.41666666667 22.83
 1990.5 21.30
 1990.58333333333 20.57
 1990.66666666667 20.24
 1990.75 20.31
 1990.83333333333 21.00
 1990.91666666667 22.31
 1991 24.02
 1991.08333333333 25.72
 1991.16666666667 26.28
 1991.25 25.24
 1991.33333333333 24.09
 1991.41666666667 23.33
 1991.5 22.56
 1991.58333333333 21.37
 1991.66666666667 21.19
 1991.75 21.67
 1991.83333333333 22.38
 1991.91666666667 23.64
 1992 25.03
 1992.08333333333 26.71
 1992.16666666667 27.73
 1992.25 27.72
 1992.33333333333 26.63
 1992.41666666667 23.98
 1992.5 21.89
 1992.58333333333 20.87
 1992.66666666667 20.76
 1992.75 21.02
 1992.83333333333 21.59
 1992.91666666667 22.71
 1993 24.55
 1993.08333333333 26.40
 1993.16666666667 27.09
 1993.25 26.79
 1993.33333333333 25.57
 1993.41666666667 24.16
 1993.5 22.66
 1993.58333333333 21.57
 1993.66666666667 21.11
 1993.75 21.57
 1993.83333333333 21.96
 1993.91666666667 22.83
 1994 24.47
 1994.08333333333 25.77
 1994.16666666667 25.48
 1994.25 24.27
 1994.33333333333 23.36
 1994.41666666667 22.21
 1994.5 21.09
 1994.58333333333 19.98
 1994.66666666667 20.58
 1994.75 21.81
 1994.83333333333 22.26
 1994.91666666667 23.67
 1995 25.30
 1995.08333333333 26.20
 1995.16666666667 26.00
 1995.25 23.99
 1995.33333333333 23.00
 1995.41666666667 22.20
 1995.5 21.35
 1995.58333333333 20.60
 1995.66666666667 20.44
 1995.75 20.46
 1995.83333333333 21.37
 1995.91666666667 21.96
 1996 23.92
 1996.08333333333 25.66
 1996.16666666667 26.16
 1996.25 23.62
 1996.33333333333 22.97
 1996.41666666667 21.24
 1996.5 20.70
 1996.58333333333 20.14
 1996.66666666667 20.08
 1996.75 20.31
 1996.83333333333 20.56
 1996.91666666667 21.68
 1997 23.66
 1997.08333333333 25.88
 1997.16666666667 27.03
 1997.25 26.44
 1997.33333333333 26.54
 1997.41666666667 26.12
 1997.5 25.59
 1997.58333333333 24.96
 1997.66666666667 24.69
 1997.75 24.69
 1997.83333333333 26.12
 1997.91666666667 27.06
 1998 28.12
 1998.08333333333 28.74
 1998.16666666667 29.23
 1998.25 28.22
 1998.33333333333 27.14
 1998.41666666667 25.36
 1998.5 23.37
 1998.58333333333 21.97
 1998.66666666667 20.95
 1998.75 21.35
 1998.83333333333 21.51
 1998.91666666667 22.63
 1999 23.79
 1999.08333333333 25.56
 1999.16666666667 26.45
 1999.25 24.64
 1999.33333333333 23.73
 1999.41666666667 22.36
 1999.5 21.73
 1999.58333333333 20.89
 1999.66666666667 19.67
 1999.75 20.15
 1999.83333333333 20.43
 1999.91666666667 22.17
 2000 23.81
 2000.08333333333 25.48
 2000.16666666667 26.02
 2000.25 25.50
 2000.33333333333 24.02
 2000.41666666667 22.75
 2000.5 21.68
 2000.58333333333 20.44
 2000.66666666667 20.50
 2000.75 20.74
 2000.83333333333 20.46
 2000.91666666667 21.85
 2001 23.94
 2001.08333333333 25.62
 2001.16666666667 26.66
 2001.25 25.72
 2001.33333333333 23.71
 2001.41666666667 22.28
 2001.5 21.38
 2001.58333333333 20.16
 2001.66666666667 19.60
 2001.75 19.88
 2001.83333333333 20.77
 2001.91666666667 21.79
 2002 23.79
 2002.08333333333 26.03
 2002.16666666667 27.25
 2002.25 26.35
 2002.33333333333 25.04
 2002.41666666667 23.51
 2002.5 21.72
 2002.58333333333 20.74
 2002.66666666667 20.93
 2002.75 21.39
 2002.83333333333 22.63
 2002.91666666667 23.91
 2003 24.69
 2003.08333333333 25.98
 2003.16666666667 26.42
 2003.25 24.98
 2003.33333333333 22.77
 2003.41666666667 21.77
 2003.5 20.95
 2003.58333333333 21.02
 2003.66666666667 20.28
 2003.75 21.25
 2003.83333333333 21.94
 2003.91666666667 23.03
 2004 24.36
 2004.08333333333 26.03
 2004.16666666667 25.75
 2004.25 24.96
 2004.33333333333 22.82
 2004.41666666667 22.05
 2004.5 21.18
 2004.58333333333 20.26
 2004.66666666667 20.46
 2004.75 21.16
 2004.83333333333 22.37
 2004.91666666667 23.18
 2005 24.54
 2005.08333333333 25.16
 2005.16666666667 25.03
 2005.25 25.12
 2005.33333333333 24.04
 2005.41666666667 22.35
 2005.5 21.61
 2005.58333333333 20.61
 2005.66666666667 19.99
 2005.75 19.75
 2005.83333333333 20.23
 2005.91666666667 21.89
 2006 24.19
 2006.08333333333 26.32
 2006.16666666667 26.20
 2006.25 24.04
 2006.33333333333 23.86
 2006.41666666667 22.91
 2006.5 22.16
 2006.58333333333 21.71
 2006.66666666667 21.70
 2006.75 22.07
 2006.83333333333 22.45
 2006.91666666667 23.52
 2007 25.23
 2007.08333333333 26.21
 2007.16666666667 25.84
 2007.25 24.31
 2007.33333333333 22.63
 2007.41666666667 21.52
 2007.5 20.98
 2007.58333333333 19.81
 2007.66666666667 19.75
 2007.75 19.50
 2007.83333333333 19.92
 2007.91666666667 21.15
 2008 24.08
 2008.08333333333 26.32
 2008.16666666667 26.88
 2008.25 25.94
 2008.33333333333 24.95
 2008.41666666667 23.68
 2008.5 22.95
 2008.58333333333 22.40
 2008.66666666667 21.75
 2008.75 21.37
 2008.83333333333 21.38
 2008.91666666667 22.36
 2009 24.40
 2009.08333333333 25.42
 2009.16666666667 25.67
 2009.25 25.94
 2009.33333333333 24.76
 2009.41666666667 23.78
 2009.5 22.71
 2009.58333333333 21.85
 2009.66666666667 21.23
 2009.75 21.34
 2009.83333333333 21.99
 2009.91666666667 23.41
 2010 24.85
 2010.08333333333 26.22
 2010.16666666667 26.56
 2010.25 25.43
 2010.33333333333 24.65
 2010.41666666667 23.14
 2010.5 20.93
 2010.58333333333 19.70
 2010.66666666667 19.50
 2010.75 19.73
 2010.83333333333 20.34
 2010.91666666667 21.91
 2011 24.08
 2011.08333333333 25.94
 2011.16666666667 25.61
 2011.25 25.34
 2011.33333333333 24.53
 2011.41666666667 23.42
 2011.5 22.06
 2011.58333333333 20.79
 2011.66666666667 19.99
 2011.75 20.24
 2011.83333333333 21.09
 2011.91666666667 22.13
 2012 24.38
 2012.08333333333 26.46
 2012.16666666667 26.65
 2012.25 26.44
 2012.33333333333 25.29
 2012.41666666667 24.14
 2012.5 22.36
 2012.58333333333 21.07
 2012.66666666667 20.79
 2012.75 20.65
 2012.83333333333 21.24
 2012.91666666667 21.96
 2013 23.89
 2013.08333333333 25.37
 2013.16666666667 25.81
 2013.25 24.31
 2013.33333333333 22.83
 2013.41666666667 21.22
 2013.5 20.36
 2013.58333333333 19.85
 2013.66666666667 19.95
 2013.75 20.27
 2013.83333333333 21.09
 2013.91666666667 22.37
 2014 24.56
 2014.08333333333 25.49
 2014.16666666667 26.17
 2014.25 25.51
 2014.33333333333 25.48
 2014.41666666667 24.67
 2014.5 22.94
 2014.58333333333 21.90
 2014.66666666667 21.52
 2014.75 21.71
 2014.83333333333 22.45
 2014.91666666667 23.22
 2015 24.41
 2015.08333333333 25.57
 2015.16666666667 26.57
 2015.25 26.54
 2015.33333333333 25.96
 2015.41666666667 25.32
 2015.5 24.50
 2015.58333333333 22.66
 2015.66666666667 23.01
 2015.75 23.14
 2015.83333333333 23.93
 2015.91666666667 25.02
 2016 26.36
 2016.08333333333 27.40
 2016.16666666667 27.83
 2016.25 25.98
 2016.33333333333 24.90
 2016.41666666667 23.77
 2016.5 22.21
 2016.58333333333 21.25
 2016.66666666667 21.29
 2016.75 21.36
 2016.83333333333 21.78
 2016.91666666667 23.24
 2017 25.50
 2017.08333333333 27.46
 2017.16666666667 28.10
 2017.25 26.59
 2017.33333333333 24.63
 2017.41666666667 22.89
 2017.5 21.64
 2017.58333333333 20.67
 2017.66666666667 19.92
 2017.75 20.21
 2017.83333333333 20.46
 2017.91666666667 21.39
