 1950 23.56
 1950.08333333333 24.89
 1950.16666666667 26.36
 1950.25 26.44
 1950.33333333333 25.69
 1950.41666666667 25.51
 1950.5 24.91
 1950.58333333333 24.47
 1950.66666666667 24.01
 1950.75 24.17
 1950.83333333333 23.86
 1950.91666666667 24.15
 1951 24.79
 1951.08333333333 25.65
 1951.16666666667 26.87
 1951.25 27.37
 1951.33333333333 27.07
 1951.41666666667 26.66
 1951.5 26.42
 1951.58333333333 25.52
 1951.66666666667 25.36
 1951.75 25.58
 1951.83333333333 25.91
 1951.91666666667 25.84
 1952 25.80
 1952.08333333333 26.37
 1952.16666666667 27.05
 1952.25 27.27
 1952.33333333333 26.64
 1952.41666666667 25.70
 1952.5 24.82
 1952.58333333333 24.44
 1952.66666666667 24.26
 1952.75 24.36
 1952.83333333333 24.07
 1952.91666666667 24.67
 1953 25.72
 1953.08333333333 26.63
 1953.16666666667 27.52
 1953.25 27.72
 1953.33333333333 27.37
 1953.41666666667 26.88
 1953.5 25.74
 1953.58333333333 25.06
 1953.66666666667 25.19
 1953.75 25.10
 1953.83333333333 25.15
 1953.91666666667 25.43
 1954 25.50
 1954.08333333333 26.27
 1954.16666666667 26.56
 1954.25 25.61
 1954.33333333333 25.62
 1954.41666666667 25.04
 1954.5 24.35
 1954.58333333333 23.56
 1954.66666666667 23.17
 1954.75 23.32
 1954.83333333333 23.64
 1954.91666666667 23.68
 1955 24.80
 1955.08333333333 25.70
 1955.16666666667 26.30
 1955.25 26.27
 1955.33333333333 25.43
 1955.41666666667 24.93
 1955.5 24.40
 1955.58333333333 23.66
 1955.66666666667 23.22
 1955.75 22.58
 1955.83333333333 22.71
 1955.91666666667 23.14
 1956 24.60
 1956.08333333333 25.70
 1956.16666666667 26.67
 1956.25 26.92
 1956.33333333333 26.49
 1956.41666666667 25.77
 1956.5 24.78
 1956.58333333333 24.06
 1956.66666666667 23.88
 1956.75 23.91
 1956.83333333333 23.77
 1956.91666666667 24.02
 1957 24.94
 1957.08333333333 26.20
 1957.16666666667 27.47
 1957.25 27.86
 1957.33333333333 27.79
 1957.41666666667 27.31
 1957.5 26.88
 1957.58333333333 26.00
 1957.66666666667 25.55
 1957.75 25.60
 1957.83333333333 26.01
 1957.91666666667 26.48
 1958 26.96
 1958.08333333333 27.44
 1958.16666666667 27.72
 1958.25 27.81
 1958.33333333333 27.29
 1958.41666666667 26.57
 1958.5 25.56
 1958.58333333333 24.91
 1958.66666666667 24.39
 1958.75 24.48
 1958.83333333333 24.89
 1958.91666666667 24.81
 1959 25.58
 1959.08333333333 26.35
 1959.16666666667 27.07
 1959.25 27.45
 1959.33333333333 26.84
 1959.41666666667 26.07
 1959.5 24.95
 1959.58333333333 24.25
 1959.66666666667 24.17
 1959.75 24.54
 1959.83333333333 24.57
 1959.91666666667 24.75
 1960 25.31
 1960.08333333333 25.93
 1960.16666666667 26.87
 1960.25 27.15
 1960.33333333333 26.71
 1960.41666666667 25.86
 1960.5 25.21
 1960.58333333333 24.79
 1960.66666666667 24.57
 1960.75 24.11
 1960.83333333333 24.16
 1960.91666666667 24.57
 1961 25.11
 1961.08333333333 26.20
 1961.16666666667 26.82
 1961.25 27.31
 1961.33333333333 26.99
 1961.41666666667 26.29
 1961.5 24.83
 1961.58333333333 24.09
 1961.66666666667 23.52
 1961.75 23.69
 1961.83333333333 24.28
 1961.91666666667 24.58
 1962 25.09
 1962.08333333333 25.97
 1962.16666666667 26.47
 1962.25 26.47
 1962.33333333333 26.17
 1962.41666666667 25.67
 1962.5 25.05
 1962.58333333333 24.64
 1962.66666666667 24.11
 1962.75 24.14
 1962.83333333333 23.98
 1962.91666666667 24.08
 1963 24.85
 1963.08333333333 25.79
 1963.16666666667 26.91
 1963.25 27.43
 1963.33333333333 26.97
 1963.41666666667 26.58
 1963.5 26.24
 1963.58333333333 25.68
 1963.66666666667 25.36
 1963.75 25.41
 1963.83333333333 25.66
 1963.91666666667 25.98
 1964 26.02
 1964.08333333333 26.31
 1964.16666666667 26.72
 1964.25 26.19
 1964.33333333333 25.42
 1964.41666666667 24.99
 1964.5 24.69
 1964.58333333333 23.55
 1964.66666666667 23.74
 1964.75 23.76
 1964.83333333333 23.92
 1964.91666666667 23.73
 1965 24.70
 1965.08333333333 25.86
 1965.16666666667 26.93
 1965.25 27.47
 1965.33333333333 27.56
 1965.41666666667 27.09
 1965.5 26.51
 1965.58333333333 26.13
 1965.66666666667 25.98
 1965.75 26.09
 1965.83333333333 26.38
 1965.91666666667 26.45
 1966 26.69
 1966.08333333333 26.90
 1966.16666666667 27.18
 1966.25 27.30
 1966.33333333333 26.20
 1966.41666666667 25.89
 1966.5 25.26
 1966.58333333333 24.35
 1966.66666666667 24.00
 1966.75 24.24
 1966.83333333333 24.11
 1966.91666666667 24.13
 1967 24.93
 1967.08333333333 25.91
 1967.16666666667 26.30
 1967.25 26.35
 1967.33333333333 26.59
 1967.41666666667 26.24
 1967.5 25.11
 1967.58333333333 24.13
 1967.66666666667 23.51
 1967.75 23.62
 1967.83333333333 23.89
 1967.91666666667 23.99
 1968 24.26
 1968.08333333333 24.83
 1968.16666666667 25.76
 1968.25 26.49
 1968.33333333333 26.04
 1968.41666666667 26.19
 1968.5 25.88
 1968.58333333333 25.15
 1968.66666666667 24.82
 1968.75 24.96
 1968.83333333333 25.15
 1968.91666666667 25.62
 1969 26.11
 1969.08333333333 26.72
 1969.16666666667 27.42
 1969.25 27.76
 1969.33333333333 27.71
 1969.41666666667 26.85
 1969.5 25.71
 1969.58333333333 25.36
 1969.66666666667 25.36
 1969.75 25.52
 1969.83333333333 25.62
 1969.91666666667 25.87
 1970 26.08
 1970.08333333333 26.41
 1970.16666666667 26.83
 1970.25 27.04
 1970.33333333333 26.27
 1970.41666666667 25.16
 1970.5 23.87
 1970.58333333333 23.38
 1970.66666666667 23.63
 1970.75 23.71
 1970.83333333333 23.62
 1970.91666666667 23.91
 1971 24.08
 1971.08333333333 24.84
 1971.16666666667 25.90
 1971.25 26.54
 1971.33333333333 26.13
 1971.41666666667 25.38
 1971.5 24.68
 1971.58333333333 23.79
 1971.66666666667 23.86
 1971.75 23.65
 1971.83333333333 23.79
 1971.91666666667 23.75
 1972 24.93
 1972.08333333333 25.88
 1972.16666666667 26.91
 1972.25 27.58
 1972.33333333333 27.46
 1972.41666666667 27.23
 1972.5 27.01
 1972.58333333333 26.74
 1972.66666666667 26.33
 1972.75 26.72
 1972.83333333333 27.09
 1972.91666666667 27.47
 1973 27.44
 1973.08333333333 27.20
 1973.16666666667 27.29
 1973.25 26.75
 1973.33333333333 25.93
 1973.41666666667 25.21
 1973.5 24.15
 1973.58333333333 23.50
 1973.66666666667 23.38
 1973.75 23.29
 1973.83333333333 23.28
 1973.91666666667 23.37
 1974 23.86
 1974.08333333333 25.07
 1974.16666666667 26.24
 1974.25 26.77
 1974.33333333333 26.36
 1974.41666666667 25.78
 1974.5 25.22
 1974.58333333333 24.72
 1974.66666666667 24.27
 1974.75 23.95
 1974.83333333333 24.00
 1974.91666666667 24.19
 1975 25.12
 1975.08333333333 25.56
 1975.16666666667 26.34
 1975.25 27.01
 1975.33333333333 26.16
 1975.41666666667 25.22
 1975.5 24.61
 1975.58333333333 24.04
 1975.66666666667 23.50
 1975.75 23.37
 1975.83333333333 23.67
 1975.91666666667 23.41
 1976 23.76
 1976.08333333333 25.30
 1976.16666666667 26.53
 1976.25 26.92
 1976.33333333333 26.91
 1976.41666666667 26.94
 1976.5 26.24
 1976.58333333333 25.87
 1976.66666666667 25.72
 1976.75 25.89
 1976.83333333333 25.88
 1976.91666666667 25.89
 1977 26.54
 1977.08333333333 26.96
 1977.16666666667 27.42
 1977.25 26.94
 1977.33333333333 26.87
 1977.41666666667 26.43
 1977.5 25.57
 1977.58333333333 24.73
 1977.66666666667 24.87
 1977.75 25.25
 1977.83333333333 25.30
 1977.91666666667 25.48
 1978 25.79
 1978.08333333333 26.41
 1978.16666666667 26.75
 1978.25 26.64
 1978.33333333333 26.10
 1978.41666666667 25.65
 1978.5 24.95
 1978.58333333333 24.10
 1978.66666666667 24.18
 1978.75 24.57
 1978.83333333333 24.79
 1978.91666666667 25.24
 1979 25.34
 1979.08333333333 26.12
 1979.16666666667 27.15
 1979.25 27.65
 1979.33333333333 27.20
 1979.41666666667 26.47
 1979.5 25.49
 1979.58333333333 25.25
 1979.66666666667 25.48
 1979.75 25.42
 1979.83333333333 25.50
 1979.91666666667 25.66
 1980 26.04
 1980.08333333333 26.44
 1980.16666666667 27.03
 1980.25 27.38
 1980.33333333333 27.10
 1980.41666666667 26.70
 1980.5 25.57
 1980.58333333333 24.78
 1980.66666666667 24.72
 1980.75 24.56
 1980.83333333333 25.00
 1980.91666666667 25.23
 1981 24.95
 1981.08333333333 25.52
 1981.16666666667 26.61
 1981.25 27.06
 1981.33333333333 26.71
 1981.41666666667 26.19
 1981.5 25.21
 1981.58333333333 24.38
 1981.66666666667 24.67
 1981.75 24.80
 1981.83333333333 24.70
 1981.91666666667 25.17
 1982 25.86
 1982.08333333333 26.40
 1982.16666666667 27.11
 1982.25 27.57
 1982.33333333333 27.64
 1982.41666666667 27.16
 1982.5 26.22
 1982.58333333333 26.06
 1982.66666666667 26.79
 1982.75 27.28
 1982.83333333333 27.50
 1982.91666666667 28.08
 1983 28.66
 1983.08333333333 28.71
 1983.16666666667 28.89
 1983.25 29.13
 1983.33333333333 28.98
 1983.41666666667 28.14
 1983.5 26.61
 1983.58333333333 25.77
 1983.66666666667 25.03
 1983.75 24.37
 1983.83333333333 24.07
 1983.91666666667 24.39
 1984 25.08
 1984.08333333333 26.26
 1984.16666666667 26.97
 1984.25 27.09
 1984.33333333333 26.32
 1984.41666666667 25.45
 1984.5 25.03
 1984.58333333333 24.71
 1984.66666666667 24.56
 1984.75 24.31
 1984.83333333333 24.11
 1984.91666666667 23.96
 1985 24.40
 1985.08333333333 25.50
 1985.16666666667 26.42
 1985.25 26.53
 1985.33333333333 26.19
 1985.41666666667 25.60
 1985.5 24.71
 1985.58333333333 24.24
 1985.66666666667 24.04
 1985.75 24.18
 1985.83333333333 24.40
 1985.91666666667 24.50
 1986 24.86
 1986.08333333333 25.88
 1986.16666666667 26.83
 1986.25 27.20
 1986.33333333333 26.65
 1986.41666666667 26.17
 1986.5 25.67
 1986.58333333333 25.29
 1986.66666666667 25.20
 1986.75 25.51
 1986.83333333333 25.88
 1986.91666666667 26.15
 1987 26.68
 1987.08333333333 27.55
 1987.16666666667 28.20
 1987.25 28.35
 1987.33333333333 28.14
 1987.41666666667 27.48
 1987.5 26.92
 1987.58333333333 26.57
 1987.66666666667 26.56
 1987.75 26.14
 1987.83333333333 26.09
 1987.91666666667 26.23
 1988 26.34
 1988.08333333333 26.40
 1988.16666666667 27.06
 1988.25 26.93
 1988.33333333333 25.68
 1988.41666666667 24.44
 1988.5 23.74
 1988.58333333333 23.64
 1988.66666666667 23.81
 1988.75 23.43
 1988.83333333333 23.44
 1988.91666666667 23.62
 1989 24.22
 1989.08333333333 25.44
 1989.16666666667 26.19
 1989.25 26.72
 1989.33333333333 26.42
 1989.41666666667 26.30
 1989.5 25.35
 1989.58333333333 24.72
 1989.66666666667 24.60
 1989.75 24.58
 1989.83333333333 24.51
 1989.91666666667 24.85
 1990 25.37
 1990.08333333333 26.42
 1990.16666666667 26.92
 1990.25 27.49
 1990.33333333333 27.41
 1990.41666666667 26.58
 1990.5 25.81
 1990.58333333333 25.23
 1990.66666666667 25.02
 1990.75 24.84
 1990.83333333333 24.90
 1990.91666666667 25.15
 1991 25.79
 1991.08333333333 26.41
 1991.16666666667 27.04
 1991.25 27.53
 1991.33333333333 27.49
 1991.41666666667 27.30
 1991.5 26.64
 1991.58333333333 25.63
 1991.66666666667 25.26
 1991.75 25.59
 1991.83333333333 26.05
 1991.91666666667 26.48
 1992 27.03
 1992.08333333333 27.67
 1992.16666666667 28.26
 1992.25 28.75
 1992.33333333333 28.44
 1992.41666666667 27.17
 1992.5 25.75
 1992.58333333333 25.03
 1992.66666666667 24.83
 1992.75 24.64
 1992.83333333333 24.64
 1992.91666666667 24.87
 1993 25.55
 1993.08333333333 26.80
 1993.16666666667 27.61
 1993.25 28.42
 1993.33333333333 28.33
 1993.41666666667 27.06
 1993.5 26.05
 1993.58333333333 25.36
 1993.66666666667 25.22
 1993.75 25.11
 1993.83333333333 25.09
 1993.91666666667 25.31
 1994 25.86
 1994.08333333333 26.33
 1994.16666666667 26.85
 1994.25 27.20
 1994.33333333333 27.15
 1994.41666666667 26.56
 1994.5 25.53
 1994.58333333333 24.86
 1994.66666666667 24.85
 1994.75 25.50
 1994.83333333333 25.99
 1994.91666666667 26.05
 1995 26.43
 1995.08333333333 26.85
 1995.16666666667 27.18
 1995.25 27.18
 1995.33333333333 26.53
 1995.41666666667 26.07
 1995.5 25.36
 1995.58333333333 24.21
 1995.66666666667 23.86
 1995.75 23.98
 1995.83333333333 24.04
 1995.91666666667 24.25
 1996 24.85
 1996.08333333333 25.73
 1996.16666666667 26.67
 1996.25 26.75
 1996.33333333333 26.51
 1996.41666666667 25.86
 1996.5 25.17
 1996.58333333333 24.69
 1996.66666666667 24.41
 1996.75 24.39
 1996.83333333333 24.45
 1996.91666666667 24.22
 1997 24.77
 1997.08333333333 25.73
 1997.16666666667 26.86
 1997.25 27.47
 1997.33333333333 27.90
 1997.41666666667 28.13
 1997.5 27.90
 1997.58333333333 27.71
 1997.66666666667 27.74
 1997.75 28.06
 1997.83333333333 28.37
 1997.91666666667 28.53
 1998 28.74
 1998.08333333333 28.90
 1998.16666666667 29.12
 1998.25 29.22
 1998.33333333333 28.64
 1998.41666666667 26.99
 1998.5 25.42
 1998.58333333333 24.45
 1998.66666666667 23.95
 1998.75 23.99
 1998.83333333333 24.24
 1998.91666666667 24.13
 1999 24.41
 1999.08333333333 25.52
 1999.16666666667 26.68
 1999.25 26.71
 1999.33333333333 26.45
 1999.41666666667 25.72
 1999.5 25.05
 1999.58333333333 24.28
 1999.66666666667 23.79
 1999.75 23.60
 1999.83333333333 23.60
 1999.91666666667 23.68
 2000 24.00
 2000.08333333333 25.27
 2000.16666666667 26.70
 2000.25 27.41
 2000.33333333333 26.88
 2000.41666666667 26.03
 2000.5 25.18
 2000.58333333333 24.64
 2000.66666666667 24.59
 2000.75 24.48
 2000.83333333333 24.40
 2000.91666666667 24.57
 2001 25.24
 2001.08333333333 26.12
 2001.16666666667 27.20
 2001.25 27.46
 2001.33333333333 27.11
 2001.41666666667 26.34
 2001.5 25.53
 2001.58333333333 24.90
 2001.66666666667 24.31
 2001.75 24.55
 2001.83333333333 24.42
 2001.91666666667 24.61
 2002 25.17
 2002.08333333333 26.16
 2002.16666666667 27.35
 2002.25 27.58
 2002.33333333333 27.51
 2002.41666666667 27.19
 2002.5 26.19
 2002.58333333333 25.63
 2002.66666666667 25.76
 2002.75 25.97
 2002.83333333333 26.40
 2002.91666666667 26.44
 2003 26.23
 2003.08333333333 26.84
 2003.16666666667 27.39
 2003.25 27.14
 2003.33333333333 26.29
 2003.41666666667 26.03
 2003.5 25.92
 2003.58333333333 25.38
 2003.66666666667 25.05
 2003.75 25.38
 2003.83333333333 25.75
 2003.91666666667 26.00
 2004 26.08
 2004.08333333333 26.70
 2004.16666666667 27.34
 2004.25 27.52
 2004.33333333333 26.80
 2004.41666666667 26.35
 2004.5 25.78
 2004.58333333333 25.36
 2004.66666666667 25.35
 2004.75 25.52
 2004.83333333333 25.73
 2004.91666666667 25.91
 2005 25.98
 2005.08333333333 26.31
 2005.16666666667 27.14
 2005.25 27.53
 2005.33333333333 27.41
 2005.41666666667 26.68
 2005.5 25.91
 2005.58333333333 25.30
 2005.66666666667 24.82
 2005.75 24.64
 2005.83333333333 23.97
 2005.91666666667 24.00
 2006 24.85
 2006.08333333333 26.06
 2006.16666666667 26.65
 2006.25 27.16
 2006.33333333333 27.17
 2006.41666666667 26.61
 2006.5 25.82
 2006.58333333333 25.51
 2006.66666666667 25.73
 2006.75 25.86
 2006.83333333333 26.10
 2006.91666666667 26.37
 2007 26.53
 2007.08333333333 26.49
 2007.16666666667 26.80
 2007.25 26.95
 2007.33333333333 26.37
 2007.41666666667 25.90
 2007.5 24.85
 2007.58333333333 23.94
 2007.66666666667 23.63
 2007.75 23.55
 2007.83333333333 23.48
 2007.91666666667 23.57
 2008 24.19
 2008.08333333333 25.16
 2008.16666666667 26.45
 2008.25 27.12
 2008.33333333333 27.00
 2008.41666666667 26.46
 2008.5 26.08
 2008.58333333333 25.62
 2008.66666666667 25.20
 2008.75 25.07
 2008.83333333333 24.98
 2008.91666666667 24.66
 2009 25.15
 2009.08333333333 25.84
 2009.16666666667 26.49
 2009.25 27.41
 2009.33333333333 27.54
 2009.41666666667 27.18
 2009.5 26.49
 2009.58333333333 25.92
 2009.66666666667 25.69
 2009.75 25.76
 2009.83333333333 26.18
 2009.91666666667 26.55
 2010 26.73
 2010.08333333333 27.28
 2010.16666666667 27.76
 2010.25 27.85
 2010.33333333333 27.08
 2010.41666666667 25.91
 2010.5 24.79
 2010.58333333333 23.97
 2010.66666666667 23.61
 2010.75 23.50
 2010.83333333333 23.59
 2010.91666666667 23.73
 2011 24.40
 2011.08333333333 25.63
 2011.16666666667 26.47
 2011.25 27.25
 2011.33333333333 26.96
 2011.41666666667 26.50
 2011.5 25.61
 2011.58333333333 24.73
 2011.66666666667 24.29
 2011.75 23.92
 2011.83333333333 23.98
 2011.91666666667 24.31
 2012 25.09
 2012.08333333333 26.22
 2012.16666666667 27.02
 2012.25 27.56
 2012.33333333333 27.34
 2012.41666666667 27.05
 2012.5 26.37
 2012.58333333333 25.64
 2012.66666666667 25.24
 2012.75 25.00
 2012.83333333333 25.08
 2012.91666666667 24.80
 2013 25.00
 2013.08333333333 25.84
 2013.16666666667 27.08
 2013.25 27.22
 2013.33333333333 26.43
 2013.41666666667 25.73
 2013.5 25.10
 2013.58333333333 24.47
 2013.66666666667 24.58
 2013.75 24.79
 2013.83333333333 24.90
 2013.91666666667 25.09
 2014 25.23
 2014.08333333333 25.62
 2014.16666666667 26.89
 2014.25 27.64
 2014.33333333333 27.64
 2014.41666666667 27.15
 2014.5 26.12
 2014.58333333333 25.30
 2014.66666666667 25.27
 2014.75 25.56
 2014.83333333333 25.88
 2014.91666666667 25.91
 2015 26.01
 2015.08333333333 26.46
 2015.16666666667 27.30
 2015.25 28.21
 2015.33333333333 28.20
 2015.41666666667 28.07
 2015.5 27.66
 2015.58333333333 27.21
 2015.66666666667 27.40
 2015.75 27.60
 2015.83333333333 27.95
 2015.91666666667 28.07
 2016 28.25
 2016.08333333333 28.38
 2016.16666666667 28.74
 2016.25 28.20
 2016.33333333333 27.23
 2016.41666666667 26.48
 2016.5 25.19
 2016.58333333333 24.59
 2016.66666666667 24.64
 2016.75 24.42
 2016.83333333333 24.48
 2016.91666666667 24.76
 2017 25.58
 2017.08333333333 26.83
 2017.16666666667 27.55
 2017.25 28.03
 2017.33333333333 27.55
 2017.41666666667 26.68
 2017.5 25.84
 2017.58333333333 24.87
 2017.66666666667 24.18
 2017.75 24.26
 2017.83333333333 24.02
 2017.91666666667 24.00
