 1950 26.94
 1950.08333333333 26.67
 1950.16666666667 26.52
 1950.25 26.90
 1950.33333333333 27.73
 1950.41666666667 28.13
 1950.5 27.64
 1950.58333333333 27.54
 1950.66666666667 27.27
 1950.75 27.13
 1950.83333333333 26.99
 1950.91666666667 27.14
 1951 27.21
 1951.08333333333 27.09
 1951.16666666667 27.74
 1951.25 28.21
 1951.33333333333 29.18
 1951.41666666667 29.05
 1951.5 29.12
 1951.58333333333 28.53
 1951.66666666667 28.64
 1951.75 28.54
 1951.83333333333 28.65
 1951.91666666667 28.58
 1952 28.28
 1952.08333333333 28.04
 1952.16666666667 27.98
 1952.25 28.47
 1952.33333333333 28.67
 1952.41666666667 28.49
 1952.5 28.12
 1952.58333333333 28.00
 1952.66666666667 28.39
 1952.75 28.06
 1952.83333333333 28.16
 1952.91666666667 27.84
 1953 27.97
 1953.08333333333 27.98
 1953.16666666667 28.03
 1953.25 28.49
 1953.33333333333 28.92
 1953.41666666667 29.15
 1953.5 28.84
 1953.58333333333 28.57
 1953.66666666667 28.30
 1953.75 28.66
 1953.83333333333 28.59
 1953.91666666667 28.57
 1954 28.36
 1954.08333333333 28.17
 1954.16666666667 27.97
 1954.25 27.92
 1954.33333333333 28.21
 1954.41666666667 28.17
 1954.5 27.81
 1954.58333333333 27.63
 1954.66666666667 27.49
 1954.75 27.28
 1954.83333333333 27.54
 1954.91666666667 27.30
 1955 27.41
 1955.08333333333 27.11
 1955.16666666667 27.09
 1955.25 27.57
 1955.33333333333 27.82
 1955.41666666667 28.01
 1955.5 28.04
 1955.58333333333 27.54
 1955.66666666667 27.41
 1955.75 26.76
 1955.83333333333 26.69
 1955.91666666667 27.09
 1956 27.04
 1956.08333333333 27.01
 1956.16666666667 27.22
 1956.25 27.53
 1956.33333333333 28.00
 1956.41666666667 28.18
 1956.5 27.86
 1956.58333333333 27.33
 1956.66666666667 27.34
 1956.75 27.64
 1956.83333333333 27.89
 1956.91666666667 27.89
 1957 27.71
 1957.08333333333 27.72
 1957.16666666667 27.87
 1957.25 28.57
 1957.33333333333 28.93
 1957.41666666667 28.59
 1957.5 28.34
 1957.58333333333 28.75
 1957.66666666667 28.65
 1957.75 28.78
 1957.83333333333 28.76
 1957.91666666667 28.88
 1958 29.05
 1958.08333333333 29.12
 1958.16666666667 28.99
 1958.25 28.90
 1958.33333333333 28.98
 1958.41666666667 28.99
 1958.5 28.83
 1958.58333333333 28.65
 1958.66666666667 28.61
 1958.75 28.77
 1958.83333333333 28.67
 1958.91666666667 28.65
 1959 28.37
 1959.08333333333 27.99
 1959.16666666667 28.00
 1959.25 28.45
 1959.33333333333 28.66
 1959.41666666667 28.52
 1959.5 28.27
 1959.58333333333 28.25
 1959.66666666667 28.20
 1959.75 28.32
 1959.83333333333 28.04
 1959.91666666667 28.03
 1960 27.62
 1960.08333333333 27.44
 1960.16666666667 27.75
 1960.25 28.01
 1960.33333333333 28.42
 1960.41666666667 28.33
 1960.5 28.15
 1960.58333333333 28.06
 1960.66666666667 28.05
 1960.75 28.16
 1960.83333333333 28.32
 1960.91666666667 28.41
 1961 27.97
 1961.08333333333 27.79
 1961.16666666667 27.79
 1961.25 27.91
 1961.33333333333 28.28
 1961.41666666667 28.46
 1961.5 28.19
 1961.58333333333 27.92
 1961.66666666667 28.06
 1961.75 27.83
 1961.83333333333 28.09
 1961.91666666667 28.00
 1962 27.65
 1962.08333333333 27.54
 1962.16666666667 27.76
 1962.25 28.04
 1962.33333333333 28.11
 1962.41666666667 28.38
 1962.5 28.13
 1962.58333333333 27.98
 1962.66666666667 27.91
 1962.75 27.94
 1962.83333333333 27.90
 1962.91666666667 27.74
 1963 27.45
 1963.08333333333 27.48
 1963.16666666667 27.98
 1963.25 28.29
 1963.33333333333 28.40
 1963.41666666667 28.32
 1963.5 28.62
 1963.58333333333 28.79
 1963.66666666667 29.00
 1963.75 28.99
 1963.83333333333 28.70
 1963.91666666667 28.54
 1964 28.41
 1964.08333333333 28.05
 1964.16666666667 27.68
 1964.25 28.02
 1964.33333333333 28.21
 1964.41666666667 27.94
 1964.5 27.79
 1964.58333333333 27.41
 1964.66666666667 27.05
 1964.75 27.14
 1964.83333333333 26.95
 1964.91666666667 26.94
 1965 27.23
 1965.08333333333 27.44
 1965.16666666667 27.57
 1965.25 27.71
 1965.33333333333 28.50
 1965.41666666667 28.88
 1965.5 28.91
 1965.58333333333 28.91
 1965.66666666667 28.88
 1965.75 29.28
 1965.83333333333 29.10
 1965.91666666667 28.87
 1966 28.70
 1966.08333333333 28.64
 1966.16666666667 29.08
 1966.25 28.80
 1966.33333333333 28.86
 1966.41666666667 28.93
 1966.5 28.98
 1966.58333333333 28.58
 1966.66666666667 28.57
 1966.75 28.68
 1966.83333333333 28.64
 1966.91666666667 28.21
 1967 27.60
 1967.08333333333 27.41
 1967.16666666667 27.82
 1967.25 28.44
 1967.33333333333 28.76
 1967.41666666667 28.58
 1967.5 28.52
 1967.58333333333 28.32
 1967.66666666667 28.20
 1967.75 28.33
 1967.83333333333 28.34
 1967.91666666667 28.15
 1968 27.86
 1968.08333333333 27.73
 1968.16666666667 27.75
 1968.25 28.17
 1968.33333333333 28.32
 1968.41666666667 28.88
 1968.5 28.55
 1968.58333333333 28.58
 1968.66666666667 28.57
 1968.75 28.69
 1968.83333333333 29.10
 1968.91666666667 29.16
 1969 29.24
 1969.08333333333 29.28
 1969.16666666667 28.95
 1969.25 29.03
 1969.33333333333 29.25
 1969.41666666667 28.93
 1969.5 28.73
 1969.58333333333 28.92
 1969.66666666667 29.16
 1969.75 29.32
 1969.83333333333 29.19
 1969.91666666667 28.93
 1970 28.53
 1970.08333333333 28.49
 1970.16666666667 28.33
 1970.25 28.58
 1970.33333333333 28.82
 1970.41666666667 28.62
 1970.5 28.44
 1970.58333333333 27.89
 1970.66666666667 27.65
 1970.75 27.59
 1970.83333333333 27.57
 1970.91666666667 27.04
 1971 26.65
 1971.08333333333 26.81
 1971.16666666667 27.01
 1971.25 27.46
 1971.33333333333 27.85
 1971.41666666667 27.83
 1971.5 27.69
 1971.58333333333 27.54
 1971.66666666667 27.30
 1971.75 27.44
 1971.83333333333 27.71
 1971.91666666667 27.86
 1972 27.63
 1972.08333333333 27.89
 1972.16666666667 28.16
 1972.25 28.74
 1972.33333333333 29.03
 1972.41666666667 29.07
 1972.5 29.03
 1972.58333333333 28.75
 1972.66666666667 28.87
 1972.75 29.16
 1972.83333333333 29.23
 1972.91666666667 29.21
 1973 28.99
 1973.08333333333 28.59
 1973.16666666667 28.33
 1973.25 28.25
 1973.33333333333 28.48
 1973.41666666667 28.15
 1973.5 27.85
 1973.58333333333 27.44
 1973.66666666667 27.27
 1973.75 27.11
 1973.83333333333 26.77
 1973.91666666667 26.50
 1974 26.30
 1974.08333333333 26.72
 1974.16666666667 27.17
 1974.25 27.43
 1974.33333333333 27.77
 1974.41666666667 27.89
 1974.5 27.74
 1974.58333333333 27.97
 1974.66666666667 27.71
 1974.75 27.53
 1974.83333333333 27.55
 1974.91666666667 27.42
 1975 27.61
 1975.08333333333 27.65
 1975.16666666667 27.46
 1975.25 27.63
 1975.33333333333 27.77
 1975.41666666667 27.54
 1975.5 27.37
 1975.58333333333 27.03
 1975.66666666667 26.71
 1975.75 26.55
 1975.83333333333 26.58
 1975.91666666667 26.39
 1976 26.58
 1976.08333333333 26.89
 1976.16666666667 27.34
 1976.25 27.80
 1976.33333333333 28.15
 1976.41666666667 28.21
 1976.5 28.18
 1976.58333333333 28.17
 1976.66666666667 28.26
 1976.75 28.73
 1976.83333333333 28.78
 1976.91666666667 28.29
 1977 28.22
 1977.08333333333 28.05
 1977.16666666667 28.09
 1977.25 28.39
 1977.33333333333 28.56
 1977.41666666667 28.80
 1977.5 28.84
 1977.58333333333 28.71
 1977.66666666667 28.95
 1977.75 29.04
 1977.83333333333 29.02
 1977.91666666667 28.95
 1978 28.72
 1978.08333333333 28.39
 1978.16666666667 28.18
 1978.25 28.04
 1978.33333333333 28.52
 1978.41666666667 28.41
 1978.5 28.28
 1978.58333333333 28.20
 1978.66666666667 28.28
 1978.75 28.20
 1978.83333333333 28.31
 1978.91666666667 28.37
 1979 28.36
 1979.08333333333 28.09
 1979.16666666667 28.30
 1979.25 28.60
 1979.33333333333 28.74
 1979.41666666667 28.73
 1979.5 28.70
 1979.58333333333 28.34
 1979.66666666667 28.47
 1979.75 28.58
 1979.83333333333 28.81
 1979.91666666667 28.83
 1980 28.69
 1980.08333333333 28.56
 1980.16666666667 28.51
 1980.25 28.76
 1980.33333333333 29.18
 1980.41666666667 29.13
 1980.5 28.92
 1980.58333333333 28.50
 1980.66666666667 28.49
 1980.75 28.74
 1980.83333333333 28.68
 1980.91666666667 28.51
 1981 28.19
 1981.08333333333 28.02
 1981.16666666667 28.15
 1981.25 28.11
 1981.33333333333 28.36
 1981.41666666667 28.38
 1981.5 28.17
 1981.58333333333 28.08
 1981.66666666667 28.36
 1981.75 28.38
 1981.83333333333 28.39
 1981.91666666667 28.45
 1982 28.29
 1982.08333333333 28.02
 1982.16666666667 28.39
 1982.25 28.95
 1982.33333333333 29.31
 1982.41666666667 29.41
 1982.5 29.03
 1982.58333333333 28.87
 1982.66666666667 29.09
 1982.75 29.44
 1982.83333333333 29.27
 1982.91666666667 29.05
 1983 28.71
 1983.08333333333 28.52
 1983.16666666667 28.55
 1983.25 28.67
 1983.33333333333 29.08
 1983.41666666667 28.97
 1983.5 28.63
 1983.58333333333 28.39
 1983.66666666667 27.98
 1983.75 27.87
 1983.83333333333 27.68
 1983.91666666667 27.71
 1984 27.49
 1984.08333333333 27.48
 1984.16666666667 27.47
 1984.25 27.75
 1984.33333333333 28.13
 1984.41666666667 28.19
 1984.5 28.30
 1984.58333333333 28.17
 1984.66666666667 28.22
 1984.75 28.02
 1984.83333333333 27.79
 1984.91666666667 27.59
 1985 27.68
 1985.08333333333 27.49
 1985.16666666667 27.31
 1985.25 27.48
 1985.33333333333 27.93
 1985.41666666667 28.02
 1985.5 28.18
 1985.58333333333 28.21
 1985.66666666667 28.28
 1985.75 28.36
 1985.83333333333 28.35
 1985.91666666667 28.30
 1986 28.07
 1986.08333333333 27.96
 1986.16666666667 28.16
 1986.25 28.28
 1986.33333333333 28.58
 1986.41666666667 28.77
 1986.5 28.82
 1986.58333333333 28.85
 1986.66666666667 28.98
 1986.75 28.99
 1986.83333333333 29.07
 1986.91666666667 28.86
 1987 28.62
 1987.08333333333 28.70
 1987.16666666667 28.79
 1987.25 28.70
 1987.33333333333 29.10
 1987.41666666667 29.37
 1987.5 29.38
 1987.58333333333 29.38
 1987.66666666667 29.54
 1987.75 29.58
 1987.83333333333 29.52
 1987.91666666667 29.30
 1988 28.96
 1988.08333333333 28.65
 1988.16666666667 28.46
 1988.25 28.27
 1988.33333333333 28.30
 1988.41666666667 28.09
 1988.5 27.96
 1988.58333333333 28.02
 1988.66666666667 27.84
 1988.75 27.12
 1988.83333333333 26.97
 1988.91666666667 26.77
 1989 26.60
 1989.08333333333 26.66
 1989.16666666667 27.16
 1989.25 27.61
 1989.33333333333 28.13
 1989.41666666667 28.05
 1989.5 28.05
 1989.58333333333 28.02
 1989.66666666667 28.26
 1989.75 28.31
 1989.83333333333 28.16
 1989.91666666667 28.42
 1990 28.48
 1990.08333333333 28.58
 1990.16666666667 28.63
 1990.25 28.75
 1990.33333333333 28.85
 1990.41666666667 28.92
 1990.5 28.92
 1990.58333333333 28.92
 1990.66666666667 28.98
 1990.75 29.15
 1990.83333333333 29.20
 1990.91666666667 29.19
 1991 28.90
 1991.08333333333 28.73
 1991.16666666667 28.66
 1991.25 28.97
 1991.33333333333 29.38
 1991.41666666667 29.35
 1991.5 29.34
 1991.58333333333 29.26
 1991.66666666667 29.09
 1991.75 29.47
 1991.83333333333 29.39
 1991.91666666667 29.35
 1992 28.94
 1992.08333333333 29.08
 1992.16666666667 28.96
 1992.25 29.09
 1992.33333333333 29.23
 1992.41666666667 29.24
 1992.5 29.21
 1992.58333333333 28.93
 1992.66666666667 28.86
 1992.75 28.76
 1992.83333333333 28.69
 1992.91666666667 28.61
 1993 28.54
 1993.08333333333 28.30
 1993.16666666667 28.37
 1993.25 28.66
 1993.33333333333 28.98
 1993.41666666667 29.01
 1993.5 28.97
 1993.58333333333 28.92
 1993.66666666667 29.06
 1993.75 28.78
 1993.83333333333 28.79
 1993.91666666667 28.72
 1994 28.43
 1994.08333333333 28.14
 1994.16666666667 28.37
 1994.25 28.74
 1994.33333333333 29.14
 1994.41666666667 29.23
 1994.5 29.40
 1994.58333333333 29.50
 1994.66666666667 29.30
 1994.75 29.45
 1994.83333333333 29.44
 1994.91666666667 29.46
 1995 29.04
 1995.08333333333 28.91
 1995.16666666667 29.03
 1995.25 29.14
 1995.33333333333 29.31
 1995.41666666667 29.18
 1995.5 28.93
 1995.58333333333 28.65
 1995.66666666667 28.41
 1995.75 28.31
 1995.83333333333 28.11
 1995.91666666667 28.04
 1996 27.85
 1996.08333333333 27.67
 1996.16666666667 27.92
 1996.25 28.17
 1996.33333333333 28.46
 1996.41666666667 28.49
 1996.5 28.45
 1996.58333333333 28.47
 1996.66666666667 28.40
 1996.75 28.45
 1996.83333333333 28.47
 1996.91666666667 28.35
 1997 28.33
 1997.08333333333 28.39
 1997.16666666667 28.56
 1997.25 29.22
 1997.33333333333 29.44
 1997.41666666667 29.23
 1997.5 29.37
 1997.58333333333 29.29
 1997.66666666667 29.44
 1997.75 29.34
 1997.83333333333 29.39
 1997.91666666667 29.11
 1998 28.95
 1998.08333333333 28.79
 1998.16666666667 28.62
 1998.25 28.56
 1998.33333333333 28.66
 1998.41666666667 28.26
 1998.5 28.11
 1998.58333333333 27.77
 1998.66666666667 27.74
 1998.75 27.42
 1998.83333333333 27.24
 1998.91666666667 27.06
 1999 26.64
 1999.08333333333 26.56
 1999.16666666667 26.98
 1999.25 27.41
 1999.33333333333 27.89
 1999.41666666667 27.96
 1999.5 27.75
 1999.58333333333 27.69
 1999.66666666667 27.79
 1999.75 27.79
 1999.83333333333 27.42
 1999.91666666667 27.18
 2000 26.99
 2000.08333333333 26.73
 2000.16666666667 26.89
 2000.25 27.20
 2000.33333333333 27.63
 2000.41666666667 28.06
 2000.5 28.17
 2000.58333333333 28.16
 2000.66666666667 28.27
 2000.75 28.11
 2000.83333333333 27.92
 2000.91666666667 27.59
 2001 27.43
 2001.08333333333 27.37
 2001.16666666667 27.61
 2001.25 28.04
 2001.33333333333 28.53
 2001.41666666667 28.79
 2001.5 28.98
 2001.58333333333 28.84
 2001.66666666667 28.97
 2001.75 28.95
 2001.83333333333 28.78
 2001.91666666667 28.66
 2002 28.72
 2002.08333333333 28.66
 2002.16666666667 28.57
 2002.25 29.03
 2002.33333333333 29.52
 2002.41666666667 29.61
 2002.5 29.52
 2002.58333333333 29.43
 2002.66666666667 29.37
 2002.75 29.41
 2002.83333333333 29.55
 2002.91666666667 29.38
 2003 28.89
 2003.08333333333 28.88
 2003.16666666667 28.92
 2003.25 28.96
 2003.33333333333 28.86
 2003.41666666667 29.07
 2003.5 29.08
 2003.58333333333 28.98
 2003.66666666667 28.94
 2003.75 29.12
 2003.83333333333 29.07
 2003.91666666667 28.97
 2004 28.75
 2004.08333333333 28.57
 2004.16666666667 28.42
 2004.25 28.71
 2004.33333333333 29.02
 2004.41666666667 29.19
 2004.5 29.32
 2004.58333333333 29.34
 2004.66666666667 29.45
 2004.75 29.46
 2004.83333333333 29.45
 2004.91666666667 29.41
 2005 29.20
 2005.08333333333 28.87
 2005.16666666667 28.93
 2005.25 29.05
 2005.33333333333 29.21
 2005.41666666667 29.14
 2005.5 28.79
 2005.58333333333 28.73
 2005.66666666667 28.79
 2005.75 28.85
 2005.83333333333 28.55
 2005.91666666667 28.28
 2006 27.82
 2006.08333333333 27.52
 2006.16666666667 27.73
 2006.25 28.29
 2006.33333333333 28.86
 2006.41666666667 29.03
 2006.5 29.10
 2006.58333333333 29.21
 2006.66666666667 29.40
 2006.75 29.45
 2006.83333333333 29.62
 2006.91666666667 29.46
 2007 28.97
 2007.08333333333 28.66
 2007.16666666667 28.66
 2007.25 28.73
 2007.33333333333 28.84
 2007.41666666667 28.90
 2007.5 28.68
 2007.58333333333 28.48
 2007.66666666667 28.11
 2007.75 27.91
 2007.83333333333 27.61
 2007.91666666667 27.42
 2008 26.87
 2008.08333333333 26.62
 2008.16666666667 26.97
 2008.25 27.46
 2008.33333333333 27.81
 2008.41666666667 27.96
 2008.5 28.07
 2008.58333333333 28.04
 2008.66666666667 28.08
 2008.75 28.17
 2008.83333333333 27.98
 2008.91666666667 27.73
 2009 27.37
 2009.08333333333 27.35
 2009.16666666667 27.74
 2009.25 28.37
 2009.33333333333 28.90
 2009.41666666667 29.14
 2009.5 29.19
 2009.58333333333 29.23
 2009.66666666667 29.33
 2009.75 29.68
 2009.83333333333 29.82
 2009.91666666667 29.72
 2010 29.44
 2010.08333333333 29.08
 2010.16666666667 29.07
 2010.25 29.13
 2010.33333333333 29.01
 2010.41666666667 28.66
 2010.5 28.10
 2010.58333333333 27.54
 2010.66666666667 27.32
 2010.75 27.15
 2010.83333333333 27.11
 2010.91666666667 27.09
 2011 26.92
 2011.08333333333 27.15
 2011.16666666667 27.51
 2011.25 27.89
 2011.33333333333 28.35
 2011.41666666667 28.46
 2011.5 28.42
 2011.58333333333 28.16
 2011.66666666667 28.00
 2011.75 27.86
 2011.83333333333 27.80
 2011.91666666667 27.53
 2012 27.30
 2012.08333333333 27.29
 2012.16666666667 27.56
 2012.25 28.03
 2012.33333333333 28.40
 2012.41666666667 28.58
 2012.5 28.64
 2012.58333333333 28.86
 2012.66666666667 28.97
 2012.75 29.07
 2012.83333333333 29.00
 2012.91666666667 28.60
 2013 28.24
 2013.08333333333 28.01
 2013.16666666667 27.95
 2013.25 28.36
 2013.33333333333 28.69
 2013.41666666667 28.77
 2013.5 28.66
 2013.58333333333 28.61
 2013.66666666667 28.65
 2013.75 28.72
 2013.83333333333 28.74
 2013.91666666667 28.48
 2014 28.14
 2014.08333333333 28.27
 2014.16666666667 28.60
 2014.25 28.98
 2014.33333333333 29.45
 2014.41666666667 29.36
 2014.5 29.04
 2014.58333333333 29.04
 2014.66666666667 29.16
 2014.75 29.24
 2014.83333333333 29.43
 2014.91666666667 29.30
 2015 29.07
 2015.08333333333 29.07
 2015.16666666667 29.22
 2015.25 29.61
 2015.33333333333 29.85
 2015.41666666667 29.88
 2015.5 29.78
 2015.58333333333 29.77
 2015.66666666667 29.82
 2015.75 29.84
 2015.83333333333 30.13
 2015.91666666667 29.91
 2016 29.54
 2016.08333333333 29.41
 2016.16666666667 29.39
 2016.25 29.37
 2016.33333333333 29.45
 2016.41666666667 29.35
 2016.5 29.05
 2016.58333333333 28.73
 2016.66666666667 28.51
 2016.75 28.32
 2016.83333333333 28.24
 2016.91666666667 28.35
 2017 28.16
 2017.08333333333 28.11
 2017.16666666667 28.29
 2017.25 28.69
 2017.33333333333 29.10
 2017.41666666667 29.29
 2017.5 29.16
 2017.58333333333 28.87
 2017.66666666667 28.72
 2017.75 28.56
 2017.83333333333 28.30
 2017.91666666667 28.02
