 1950 24.55
 1950.08333333333 25.06
 1950.16666666667 25.87
 1950.25 26.28
 1950.33333333333 26.18
 1950.41666666667 26.46
 1950.5 26.29
 1950.58333333333 25.88
 1950.66666666667 25.74
 1950.75 25.69
 1950.83333333333 25.47
 1950.91666666667 25.29
 1951 25.24
 1951.08333333333 25.71
 1951.16666666667 26.90
 1951.25 27.58
 1951.33333333333 27.92
 1951.41666666667 27.73
 1951.5 27.60
 1951.58333333333 27.02
 1951.66666666667 27.23
 1951.75 27.20
 1951.83333333333 27.25
 1951.91666666667 26.91
 1952 26.67
 1952.08333333333 26.74
 1952.16666666667 27.17
 1952.25 27.80
 1952.33333333333 27.79
 1952.41666666667 27.18
 1952.5 26.53
 1952.58333333333 26.30
 1952.66666666667 26.36
 1952.75 26.26
 1952.83333333333 25.92
 1952.91666666667 26.21
 1953 26.74
 1953.08333333333 27.00
 1953.16666666667 27.57
 1953.25 28.04
 1953.33333333333 28.28
 1953.41666666667 28.12
 1953.5 27.43
 1953.58333333333 26.94
 1953.66666666667 27.01
 1953.75 26.87
 1953.83333333333 26.88
 1953.91666666667 27.00
 1954 26.98
 1954.08333333333 27.03
 1954.16666666667 26.90
 1954.25 26.64
 1954.33333333333 27.12
 1954.41666666667 26.80
 1954.5 26.11
 1954.58333333333 25.43
 1954.66666666667 25.12
 1954.75 25.23
 1954.83333333333 25.57
 1954.91666666667 25.26
 1955 25.61
 1955.08333333333 25.81
 1955.16666666667 26.22
 1955.25 26.60
 1955.33333333333 26.66
 1955.41666666667 26.55
 1955.5 26.15
 1955.58333333333 25.51
 1955.66666666667 25.28
 1955.75 24.41
 1955.83333333333 24.25
 1955.91666666667 24.57
 1956 25.34
 1956.08333333333 25.76
 1956.16666666667 26.46
 1956.25 26.85
 1956.33333333333 27.13
 1956.41666666667 26.81
 1956.5 26.23
 1956.58333333333 25.68
 1956.66666666667 25.73
 1956.75 25.75
 1956.83333333333 25.56
 1956.91666666667 25.71
 1957 26.04
 1957.08333333333 26.54
 1957.16666666667 27.46
 1957.25 28.23
 1957.33333333333 28.55
 1957.41666666667 28.36
 1957.5 28.17
 1957.58333333333 27.69
 1957.66666666667 27.44
 1957.75 27.42
 1957.83333333333 27.62
 1957.91666666667 27.90
 1958 28.33
 1958.08333333333 28.24
 1958.16666666667 28.27
 1958.25 28.27
 1958.33333333333 28.31
 1958.41666666667 27.99
 1958.5 27.32
 1958.58333333333 26.85
 1958.66666666667 26.40
 1958.75 26.45
 1958.83333333333 26.75
 1958.91666666667 26.62
 1959 27.07
 1959.08333333333 27.18
 1959.16666666667 27.47
 1959.25 27.88
 1959.33333333333 27.70
 1959.41666666667 27.37
 1959.5 26.44
 1959.58333333333 26.09
 1959.66666666667 25.92
 1959.75 26.24
 1959.83333333333 26.04
 1959.91666666667 26.18
 1960 26.27
 1960.08333333333 26.29
 1960.16666666667 26.98
 1960.25 27.49
 1960.33333333333 27.68
 1960.41666666667 27.24
 1960.5 26.88
 1960.58333333333 26.70
 1960.66666666667 26.44
 1960.75 26.22
 1960.83333333333 26.26
 1960.91666666667 26.22
 1961 26.23
 1961.08333333333 26.56
 1961.16666666667 26.94
 1961.25 27.36
 1961.33333333333 27.75
 1961.41666666667 27.67
 1961.5 26.89
 1961.58333333333 26.19
 1961.66666666667 25.78
 1961.75 25.71
 1961.83333333333 26.07
 1961.91666666667 25.97
 1962 25.96
 1962.08333333333 26.19
 1962.16666666667 26.80
 1962.25 27.13
 1962.33333333333 27.05
 1962.41666666667 27.08
 1962.5 26.76
 1962.58333333333 26.33
 1962.66666666667 25.94
 1962.75 25.97
 1962.83333333333 25.75
 1962.91666666667 25.67
 1963 25.77
 1963.08333333333 26.22
 1963.16666666667 27.18
 1963.25 27.78
 1963.33333333333 27.63
 1963.41666666667 27.62
 1963.5 27.78
 1963.58333333333 27.48
 1963.66666666667 27.40
 1963.75 27.36
 1963.83333333333 27.47
 1963.91666666667 27.62
 1964 27.34
 1964.08333333333 27.13
 1964.16666666667 27.02
 1964.25 26.95
 1964.33333333333 26.82
 1964.41666666667 26.59
 1964.5 26.33
 1964.58333333333 25.60
 1964.66666666667 25.32
 1964.75 25.37
 1964.83333333333 25.26
 1964.91666666667 25.23
 1965 25.66
 1965.08333333333 26.19
 1965.16666666667 26.94
 1965.25 27.38
 1965.33333333333 27.99
 1965.41666666667 28.09
 1965.5 27.90
 1965.58333333333 27.97
 1965.66666666667 28.01
 1965.75 28.17
 1965.83333333333 28.12
 1965.91666666667 27.96
 1966 27.67
 1966.08333333333 27.55
 1966.16666666667 28.21
 1966.25 28.16
 1966.33333333333 27.55
 1966.41666666667 27.64
 1966.5 27.33
 1966.58333333333 26.48
 1966.66666666667 26.27
 1966.75 26.22
 1966.83333333333 26.23
 1966.91666666667 26.03
 1967 25.88
 1967.08333333333 26.11
 1967.16666666667 26.50
 1967.25 26.74
 1967.33333333333 27.35
 1967.41666666667 27.47
 1967.5 26.97
 1967.58333333333 26.44
 1967.66666666667 25.86
 1967.75 25.97
 1967.83333333333 26.08
 1967.91666666667 25.95
 1968 25.69
 1968.08333333333 25.68
 1968.16666666667 26.33
 1968.25 27.10
 1968.33333333333 27.19
 1968.41666666667 27.88
 1968.5 27.58
 1968.58333333333 27.01
 1968.66666666667 26.72
 1968.75 26.75
 1968.83333333333 27.20
 1968.91666666667 27.27
 1969 27.50
 1969.08333333333 27.86
 1969.16666666667 27.82
 1969.25 28.13
 1969.33333333333 28.29
 1969.41666666667 27.69
 1969.5 27.08
 1969.58333333333 27.02
 1969.66666666667 27.15
 1969.75 27.34
 1969.83333333333 27.10
 1969.91666666667 26.98
 1970 26.83
 1970.08333333333 26.95
 1970.16666666667 27.14
 1970.25 27.74
 1970.33333333333 27.63
 1970.41666666667 27.04
 1970.5 26.21
 1970.58333333333 25.60
 1970.66666666667 25.65
 1970.75 25.60
 1970.83333333333 25.57
 1970.91666666667 25.27
 1971 24.81
 1971.08333333333 25.18
 1971.16666666667 25.92
 1971.25 26.63
 1971.33333333333 26.95
 1971.41666666667 26.60
 1971.5 26.13
 1971.58333333333 25.75
 1971.66666666667 25.72
 1971.75 25.47
 1971.83333333333 25.56
 1971.91666666667 25.37
 1972 25.62
 1972.08333333333 26.30
 1972.16666666667 27.09
 1972.25 27.89
 1972.33333333333 28.32
 1972.41666666667 28.18
 1972.5 28.14
 1972.58333333333 27.95
 1972.66666666667 27.95
 1972.75 28.26
 1972.83333333333 28.61
 1972.91666666667 28.69
 1973 28.34
 1973.08333333333 27.95
 1973.16666666667 27.55
 1973.25 27.24
 1973.33333333333 26.96
 1973.41666666667 26.55
 1973.5 25.76
 1973.58333333333 25.22
 1973.66666666667 25.06
 1973.75 24.73
 1973.83333333333 24.33
 1973.91666666667 24.33
 1974 24.46
 1974.08333333333 25.10
 1974.16666666667 25.84
 1974.25 26.46
 1974.33333333333 26.64
 1974.41666666667 26.53
 1974.5 26.39
 1974.58333333333 26.33
 1974.66666666667 26.08
 1974.75 25.78
 1974.83333333333 25.61
 1974.91666666667 25.63
 1975 26.09
 1975.08333333333 26.07
 1975.16666666667 26.19
 1975.25 26.86
 1975.33333333333 26.80
 1975.41666666667 26.23
 1975.5 25.90
 1975.58333333333 25.33
 1975.66666666667 25.05
 1975.75 24.89
 1975.83333333333 25.05
 1975.91666666667 24.67
 1976 24.54
 1976.08333333333 25.49
 1976.16666666667 26.46
 1976.25 26.88
 1976.33333333333 27.20
 1976.41666666667 27.35
 1976.5 27.13
 1976.58333333333 26.98
 1976.66666666667 27.02
 1976.75 27.46
 1976.83333333333 27.41
 1976.91666666667 27.09
 1977 27.32
 1977.08333333333 27.13
 1977.16666666667 27.47
 1977.25 27.44
 1977.33333333333 27.72
 1977.41666666667 27.74
 1977.5 27.38
 1977.58333333333 26.85
 1977.66666666667 27.12
 1977.75 27.35
 1977.83333333333 27.19
 1977.91666666667 27.29
 1978 27.17
 1978.08333333333 27.00
 1978.16666666667 27.09
 1978.25 27.12
 1978.33333333333 27.20
 1978.41666666667 27.02
 1978.5 26.74
 1978.58333333333 26.07
 1978.66666666667 26.01
 1978.75 26.25
 1978.83333333333 26.33
 1978.91666666667 26.54
 1979 26.41
 1979.08333333333 26.53
 1979.16666666667 27.27
 1979.25 27.83
 1979.33333333333 27.69
 1979.41666666667 27.43
 1979.5 26.82
 1979.58333333333 26.75
 1979.66666666667 26.99
 1979.75 26.83
 1979.83333333333 26.99
 1979.91666666667 27.11
 1980 27.08
 1980.08333333333 26.97
 1980.16666666667 27.31
 1980.25 27.75
 1980.33333333333 28.01
 1980.41666666667 27.94
 1980.5 27.23
 1980.58333333333 26.48
 1980.66666666667 26.44
 1980.75 26.46
 1980.83333333333 26.60
 1980.91666666667 26.65
 1981 26.18
 1981.08333333333 26.11
 1981.16666666667 26.64
 1981.25 27.29
 1981.33333333333 27.36
 1981.41666666667 27.27
 1981.5 26.65
 1981.58333333333 26.33
 1981.66666666667 26.53
 1981.75 26.42
 1981.83333333333 26.29
 1981.91666666667 26.40
 1982 26.67
 1982.08333333333 26.59
 1982.16666666667 27.41
 1982.25 28.03
 1982.33333333333 28.39
 1982.41666666667 28.26
 1982.5 27.66
 1982.58333333333 27.58
 1982.66666666667 28.21
 1982.75 28.71
 1982.83333333333 28.62
 1982.91666666667 28.80
 1983 28.89
 1983.08333333333 28.69
 1983.16666666667 28.66
 1983.25 28.77
 1983.33333333333 28.84
 1983.41666666667 28.27
 1983.5 27.18
 1983.58333333333 26.59
 1983.66666666667 26.20
 1983.75 25.56
 1983.83333333333 25.41
 1983.91666666667 25.57
 1984 25.88
 1984.08333333333 26.56
 1984.16666666667 26.77
 1984.25 27.14
 1984.33333333333 27.20
 1984.41666666667 26.83
 1984.5 26.79
 1984.58333333333 26.61
 1984.66666666667 26.38
 1984.75 26.04
 1984.83333333333 25.52
 1984.91666666667 25.25
 1985 25.38
 1985.08333333333 26.03
 1985.16666666667 26.50
 1985.25 26.64
 1985.33333333333 26.90
 1985.41666666667 26.81
 1985.5 26.56
 1985.58333333333 26.30
 1985.66666666667 26.02
 1985.75 26.23
 1985.83333333333 26.33
 1985.91666666667 26.19
 1986 25.89
 1986.08333333333 26.05
 1986.16666666667 26.87
 1986.25 27.49
 1986.33333333333 27.40
 1986.41666666667 27.42
 1986.5 27.18
 1986.58333333333 27.17
 1986.66666666667 27.24
 1986.75 27.53
 1986.83333333333 27.71
 1986.91666666667 27.72
 1987 27.68
 1987.08333333333 27.88
 1987.16666666667 28.27
 1987.25 28.39
 1987.33333333333 28.56
 1987.41666666667 28.65
 1987.5 28.59
 1987.58333333333 28.42
 1987.66666666667 28.36
 1987.75 27.96
 1987.83333333333 27.77
 1987.91666666667 27.54
 1988 27.45
 1988.08333333333 27.03
 1988.16666666667 27.38
 1988.25 27.38
 1988.33333333333 26.68
 1988.41666666667 25.99
 1988.5 25.56
 1988.58333333333 25.66
 1988.66666666667 25.72
 1988.75 24.82
 1988.83333333333 24.65
 1988.91666666667 24.63
 1989 24.58
 1989.08333333333 25.28
 1989.16666666667 26.08
 1989.25 26.74
 1989.33333333333 27.06
 1989.41666666667 27.14
 1989.5 26.72
 1989.58333333333 26.33
 1989.66666666667 26.42
 1989.75 26.32
 1989.83333333333 26.25
 1989.91666666667 26.46
 1990 26.56
 1990.08333333333 26.96
 1990.16666666667 27.33
 1990.25 27.90
 1990.33333333333 28.02
 1990.41666666667 27.64
 1990.5 27.38
 1990.58333333333 27.07
 1990.66666666667 26.94
 1990.75 26.93
 1990.83333333333 26.81
 1990.91666666667 26.95
 1991 27.03
 1991.08333333333 27.07
 1991.16666666667 27.32
 1991.25 28.01
 1991.33333333333 28.20
 1991.41666666667 28.25
 1991.5 28.05
 1991.58333333333 27.53
 1991.66666666667 27.14
 1991.75 27.58
 1991.83333333333 27.90
 1991.91666666667 28.29
 1992 28.38
 1992.08333333333 28.53
 1992.16666666667 28.66
 1992.25 29.02
 1992.33333333333 28.98
 1992.41666666667 28.30
 1992.5 27.51
 1992.58333333333 26.91
 1992.66666666667 26.65
 1992.75 26.42
 1992.83333333333 26.42
 1992.91666666667 26.44
 1993 26.69
 1993.08333333333 27.16
 1993.16666666667 27.67
 1993.25 28.41
 1993.33333333333 28.71
 1993.41666666667 28.08
 1993.5 27.52
 1993.58333333333 26.99
 1993.66666666667 27.07
 1993.75 26.77
 1993.83333333333 26.71
 1993.91666666667 26.76
 1994 26.64
 1994.08333333333 26.81
 1994.16666666667 27.39
 1994.25 28.08
 1994.33333333333 28.24
 1994.41666666667 28.04
 1994.5 27.54
 1994.58333333333 27.38
 1994.66666666667 27.20
 1994.75 27.47
 1994.83333333333 27.81
 1994.91666666667 27.85
 1995 27.57
 1995.08333333333 27.49
 1995.16666666667 27.75
 1995.25 28.10
 1995.33333333333 27.82
 1995.41666666667 27.59
 1995.5 27.08
 1995.58333333333 26.23
 1995.66666666667 25.88
 1995.75 25.84
 1995.83333333333 25.60
 1995.91666666667 25.65
 1996 25.69
 1996.08333333333 25.89
 1996.16666666667 26.67
 1996.25 27.35
 1996.33333333333 27.55
 1996.41666666667 27.29
 1996.5 26.85
 1996.58333333333 26.64
 1996.66666666667 26.27
 1996.75 26.27
 1996.83333333333 26.29
 1996.91666666667 25.95
 1997 26.01
 1997.08333333333 26.38
 1997.16666666667 27.04
 1997.25 27.98
 1997.33333333333 28.58
 1997.41666666667 28.82
 1997.5 28.86
 1997.58333333333 28.75
 1997.66666666667 28.85
 1997.75 29.08
 1997.83333333333 29.12
 1997.91666666667 28.89
 1998 28.93
 1998.08333333333 28.78
 1998.16666666667 28.62
 1998.25 28.60
 1998.33333333333 28.51
 1998.41666666667 27.34
 1998.5 26.30
 1998.58333333333 25.57
 1998.66666666667 25.46
 1998.75 25.25
 1998.83333333333 25.24
 1998.91666666667 24.91
 1999 24.86
 1999.08333333333 25.43
 1999.16666666667 26.33
 1999.25 26.70
 1999.33333333333 26.79
 1999.41666666667 26.53
 1999.5 26.13
 1999.58333333333 25.63
 1999.66666666667 25.63
 1999.75 25.48
 1999.83333333333 25.12
 1999.91666666667 24.86
 2000 24.78
 2000.08333333333 25.21
 2000.16666666667 26.30
 2000.25 26.95
 2000.33333333333 27.07
 2000.41666666667 26.94
 2000.5 26.63
 2000.58333333333 26.37
 2000.66666666667 26.20
 2000.75 26.02
 2000.83333333333 25.92
 2000.91666666667 25.68
 2001 25.81
 2001.08333333333 26.12
 2001.16666666667 26.80
 2001.25 27.33
 2001.33333333333 27.60
 2001.41666666667 27.54
 2001.5 27.25
 2001.58333333333 26.80
 2001.66666666667 26.52
 2001.75 26.57
 2001.83333333333 26.33
 2001.91666666667 26.19
 2002 26.39
 2002.08333333333 26.71
 2002.16666666667 27.29
 2002.25 27.84
 2002.33333333333 28.24
 2002.41666666667 28.44
 2002.5 28.03
 2002.58333333333 27.72
 2002.66666666667 27.81
 2002.75 27.96
 2002.83333333333 28.17
 2002.91666666667 27.97
 2003 27.15
 2003.08333333333 27.39
 2003.16666666667 27.65
 2003.25 27.68
 2003.33333333333 27.32
 2003.41666666667 27.44
 2003.5 27.50
 2003.58333333333 27.11
 2003.66666666667 26.99
 2003.75 27.14
 2003.83333333333 27.04
 2003.91666666667 27.03
 2004 26.81
 2004.08333333333 26.98
 2004.16666666667 27.40
 2004.25 27.89
 2004.33333333333 28.00
 2004.41666666667 27.86
 2004.5 27.78
 2004.58333333333 27.62
 2004.66666666667 27.53
 2004.75 27.44
 2004.83333333333 27.36
 2004.91666666667 27.34
 2005 27.21
 2005.08333333333 27.11
 2005.16666666667 27.73
 2005.25 28.08
 2005.33333333333 28.24
 2005.41666666667 27.77
 2005.5 27.06
 2005.58333333333 26.80
 2005.66666666667 26.68
 2005.75 26.65
 2005.83333333333 26.11
 2005.91666666667 25.68
 2006 25.63
 2006.08333333333 26.08
 2006.16666666667 26.57
 2006.25 27.50
 2006.33333333333 27.85
 2006.41666666667 27.73
 2006.5 27.30
 2006.58333333333 27.16
 2006.66666666667 27.32
 2006.75 27.41
 2006.83333333333 27.69
 2006.91666666667 27.74
 2007 27.24
 2007.08333333333 26.88
 2007.16666666667 27.10
 2007.25 27.50
 2007.33333333333 27.46
 2007.41666666667 27.37
 2007.5 26.71
 2007.58333333333 26.14
 2007.66666666667 25.61
 2007.75 25.32
 2007.83333333333 25.17
 2007.91666666667 25.01
 2008 24.86
 2008.08333333333 25.08
 2008.16666666667 26.07
 2008.25 26.83
 2008.33333333333 27.09
 2008.41666666667 27.04
 2008.5 26.99
 2008.58333333333 26.72
 2008.66666666667 26.47
 2008.75 26.37
 2008.83333333333 26.25
 2008.91666666667 25.74
 2009 25.66
 2009.08333333333 25.96
 2009.16666666667 26.59
 2009.25 27.47
 2009.33333333333 27.99
 2009.41666666667 28.04
 2009.5 27.78
 2009.58333333333 27.42
 2009.66666666667 27.40
 2009.75 27.60
 2009.83333333333 28.16
 2009.91666666667 28.34
 2010 28.07
 2010.08333333333 28.01
 2010.16666666667 28.18
 2010.25 28.20
 2010.33333333333 27.71
 2010.41666666667 27.04
 2010.5 26.22
 2010.58333333333 25.47
 2010.66666666667 25.12
 2010.75 25.03
 2010.83333333333 25.06
 2010.91666666667 25.00
 2011 25.00
 2011.08333333333 25.64
 2011.16666666667 26.36
 2011.25 27.05
 2011.33333333333 27.41
 2011.41666666667 27.35
 2011.5 26.87
 2011.58333333333 26.21
 2011.66666666667 25.92
 2011.75 25.67
 2011.83333333333 25.52
 2011.91666666667 25.54
 2012 25.67
 2012.08333333333 26.08
 2012.16666666667 26.67
 2012.25 27.32
 2012.33333333333 27.61
 2012.41666666667 27.75
 2012.5 27.54
 2012.58333333333 27.32
 2012.66666666667 27.10
 2012.75 26.98
 2012.83333333333 26.86
 2012.91666666667 26.34
 2013 26.01
 2013.08333333333 26.24
 2013.16666666667 27.03
 2013.25 27.57
 2013.33333333333 27.53
 2013.41666666667 27.30
 2013.5 26.91
 2013.58333333333 26.47
 2013.66666666667 26.54
 2013.75 26.52
 2013.83333333333 26.56
 2013.91666666667 26.43
 2014 26.05
 2014.08333333333 26.14
 2014.16666666667 27.00
 2014.25 27.90
 2014.33333333333 28.25
 2014.41666666667 27.96
 2014.5 27.23
 2014.58333333333 26.82
 2014.66666666667 27.01
 2014.75 27.16
 2014.83333333333 27.46
 2014.91666666667 27.31
 2015 27.05
 2015.08333333333 27.17
 2015.16666666667 27.75
 2015.25 28.52
 2015.33333333333 28.85
 2015.41666666667 28.90
 2015.5 28.75
 2015.58333333333 28.79
 2015.66666666667 28.93
 2015.75 29.08
 2015.83333333333 29.42
 2015.91666666667 29.26
 2016 29.11
 2016.08333333333 29.01
 2016.16666666667 28.90
 2016.25 28.72
 2016.33333333333 28.23
 2016.41666666667 27.69
 2016.5 26.82
 2016.58333333333 26.28
 2016.66666666667 26.14
 2016.75 25.98
 2016.83333333333 25.94
 2016.91666666667 26.10
 2017 26.12
 2017.08333333333 26.67
 2017.16666666667 27.32
 2017.25 28.03
 2017.33333333333 28.30
 2017.41666666667 28.06
 2017.5 27.54
 2017.58333333333 26.70
 2017.66666666667 26.29
 2017.75 26.15
 2017.83333333333 25.74
 2017.91666666667 25.62
